1)0.0		0.0
2)0.0		0.0
3)1.3333333333333333		0.42441318157838753
4)2.0		0.6366197723675814
5)2.4		0.7639437268410976
6)2.6666666666666665		0.8488263631567751
7)2.857142857142857		0.9094568176679734
8)3.0		0.954929658551372
9)3.111111111111111		0.9902974236829044
10)3.2		1.0185916357881302
11)3.272727272727273		1.041741445692406
12)3.3333333333333335		1.061032953945969
13)3.3846153846153846		1.07735653785283
14)3.4285714285714284		1.091348181201568
15)3.466666666666667		1.1034742721038078
16)3.5		1.1140846016432675
17)3.5294117647058822		1.1234466571192612
18)3.3333333333333335		1.061032953945969
19)3.3684210526315788		1.0722017218822422
20)3.2		1.0185916357881302
21)3.238095238095238		1.0307177266903698
22)3.090909090909091		0.9838669209317167
23)3.130434782608696		0.9964483393579535
24)3.0		0.954929658551372
25)3.04		0.9676620539987237
26)3.076923076923077		0.9794150344116637
27)3.111111111111111		0.9902974236829044
28)3.142857142857143		1.0004024994347707
29)3.1724137931034484		1.0098106734106465
30)3.066666666666667		0.9761503176302915
31)3.096774193548387		0.9857338410852873
32)3.125		0.9947183943243458
33)3.0303030303030303		0.9645754126781536
34)3.0588235294117645		0.9736537695033597
35)3.085714285714286		0.9822133630814113
36)3.111111111111111		0.9902974236829044
37)3.135135135135135		0.997944508035668
38)3.1578947368421053		1.0051891142646021
39)3.1794871794871793		1.0120622022253858
40)3.2		1.0185916357881302
41)3.1219512195121952		0.9937479373542734
42)3.142857142857143		1.0004024994347707
43)3.1627906976744184		1.006747546999896
44)3.1818181818181817		1.0128041833120611
45)3.2		1.0185916357881302
46)3.130434782608696		0.9964483393579535
47)3.148936170212766		1.0023375139404473
48)3.1666666666666665		1.0079813062486704
49)3.183673469387755		1.0133947396871703
50)3.2		1.0185916357881302
51)3.1372549019607843		0.9986192507726767
52)3.076923076923077		0.9794150344116637
53)3.0943396226415096		0.9849588930970128
54)3.111111111111111		0.9902974236829044
55)3.0545454545454547		0.9722920159795788
56)3.0		0.954929658551372
57)3.017543859649123		0.9605140425195088
58)2.9655172413793105		0.9439534555795173
59)2.983050847457627		0.9495345757346977
60)3.0		0.954929658551372
61)3.0163934426229506		0.9601478534068439
62)3.032258064516129		0.9651977193960104
63)3.0476190476190474		0.9700872721791716
64)3.0625		0.9748240264378589
65)3.076923076923077		0.9794150344116637
66)3.0303030303030303		0.9645754126781536
67)3.044776119402985		0.969182340022288
68)3.0588235294117645		0.9736537695033597
69)3.072463768115942		0.9779955923328061
70)3.085714285714286		0.9822133630814113
71)3.0985915492957745		0.9863123233863936
72)3.111111111111111		0.9902974236829044
73)3.1232876712328768		0.9941733431493737
74)3.135135135135135		0.997944508035668
75)3.0933333333333333		0.9846385812618592
76)3.1052631578947367		0.988435962360192
77)3.116883116883117		0.9921347101832437
78)3.076923076923077		0.9794150344116637
79)3.088607594936709		0.9831343320106953
80)3.1		0.9867606471697512
81)3.111111111111111		0.9902974236829044
82)3.1219512195121952		0.9937479373542734
83)3.1325301204819276		0.9971153061178984
84)3.142857142857143		1.0004024994347707
85)3.152941176470588		1.00361234702654
86)3.1627906976744184		1.006747546999896
87)3.1264367816091956		0.9951757361148399
88)3.1363636363636362		0.998335552121889
89)3.146067415730337		1.001424361027656
90)3.1555555555555554		1.0044445297355173
91)3.1648351648351647		1.0073983211091397
92)3.1739130434782608		1.0102878996268139
93)3.182795698924731		1.0131153366709897
94)3.1914893617021276		1.015882615480183
95)3.2		1.0185916357881302
96)3.2083333333333335		1.0212442181729953
97)3.216494845360825		1.0238421081375535
98)3.2244897959183674		1.02638697993957
99)3.2323232323232323		1.0288804401900304
100)3.24		1.0313240312354819
1000)3.088		0.9829409285355457
10000)3.1296		0.9961826198007913
100000)3.13968		0.9993911834535238
1000000)3.140892		0.9997769750355787
